param M:=	7;																			
param J:=	20;																			
param K:=	4;																			
param N:=	4;																			
																				
param Q:1	2	3	4	5	6	7	8	9	10	11	12	13	14	15	16	17	18	19	20:=
1	29242	32387	12612	23267	29341	20040	25647	37942	18237	39485	47486	2859	36615	27598	13476	38363	23554	2662	33793	31997
2	40839	24366	8038	10514	36968	31081	40042	17036	19069	35005	4039	32167	37721	44086	12298	22478	48053	4909	18451	44812
3	17446	40773	33607	34485	23622	16278	21072	33129	15188	44096	29903	14448	26152	47903	43493	16632	30519	19796	21342	16958
4	49048	29101	40268	20937	7289	35557	19469	9229	30084	6978	26706	5388	45000	8015	8478	12248	38703	17457	19172	31669
5	32616	38033	10567	40645	9631	16068	11640	40570	3536	47425	49713	18708	17026	46693	7960	33480	28284	48755	46616	30484
6	38528	48462	25620	36720	30417	48415	13464	30977	34351	46239	37835	4030	12527	29592	24455	47639	11960	8153	40476	2773
7	8378	2843	32017	40983	29794	26672	19223	12813	30970	44266	6264	24865	49284	37849	7015	40280	45037	24479	34927	43813;
																				
param Sc:=1	1000000																		
	2	710000																		
	3	750000																		
	4	700000;																		
																				
param Sv:=	10;																			
																				
param St:1	2	3	4	5	6	7	8	9	10	11	12	13	14	15	16	17	18	19	20:=
1	1.2	1.2	0.2	0.5	0.6	0.7	0.7	0.7	0.8	0.8	0.2	0.2	1.2	1.5	1.6	0.7	0.7	0.7	0.8	0.8
2	0.9	0.9	0.9	0.9	2.1	1.2	1.3	1.5	1.5	1.5	1.2	1.2	1.2	1.5	0.6	0.7	0.7	0.7	0.8	1.4
3	0.7	0.6	0.5	0.4	0.4	0.4	0.2	0.2	1.2	1.2	0.9	0.9	0.1	0.2	0.3	0.5	0.5	0.5	0.2	0.8
4	0.6	0.7	0.8	0.4	0.5	0.6	0.3	0.3	0.3	0.9	0.7	0.8	0.8	1.2	1.2	1.2	2.5	1.6	1.7	1.2;
																				
param Sa:=1	0.07																		
	2	0.06																		
	3	0.05																		
	4	0.08																		
	5	0.07																		
	6	0.03																		
	7	0.08																		
	8	0.11																		
	9	0.08																		
	10	0.05																		
	11	0.04																		
	12	0.08																		
	13	0.1																		
	14	0.09																		
	15	0.03																		
	16	0.05																		
	17	0.02																		
	18	0.04																		
	19	0.06																		
	20	0.06;																		
																				
																				
param Cv:=1	30000																		
	2	35000																		
	3	30000																		
	4	37000																		
	5	35000																		
	6	37000																		
	7	33000																		
	8	34000																		
	9	30000																		
	10	38000																		
	11	35000																		
	12	31000																		
	13	30000																		
	14	33000																		
	15	35000																		
	16	31000																		
	17	39000																		
	18	34000																		
	19	30000																		
	20	31000;																		
																				
param Cw:=1	500000																		
	2	505000																		
	3	600000																		
	4	800000;																		
																				
param B:= 20000000;																			
																				
param Cm:=0	2000000																		
	1	1000000																		
	2	500000																		
	3	250000;																		
																				
param Lv:=1	45000																		
	2	48000																		
	3	49900																		
	4	40100																		
	5	45000																		
	6	47000																		
	7	49100																		
	8	45020																		
	9	43880																		
	10	42000																		
	11	40000																		
	12	38000																		
	13	39900																		
	14	41100																		
	15	45000																		
	16	40000																		
	17	39100																		
	18	45020																		
	19	43880																		
	20	42200;																		
																				
																			
